0 0 2
2 0 4
3 0 4
4 0 4
5 0 4
6 0 4
7 0 4
8 0 4
9 0 4
10 0 4
11 0 4
12 0 4
13 0 4
14 0 4
15 0 4
16 0 4
17 0 4
18 0 4
19 0 4
20 0 4
21 0 4
22 0 4
23 0 4
24 0 4
25 0 4
26 0 4
27 0 4
28 0 4
29 0 4
0 1 4
29 1 4
0 2 4
29 2 4
0 3 4
29 3 4
0 4 4
29 4 4
0 5 4
29 5 4
0 6 4
29 6 4
0 7 4
29 7 4
0 8 4
29 8 4
0 9 4
29 9 4
0 10 4
29 10 4
0 11 4
29 11 4
0 12 4
29 12 4
0 13 4
29 13 4
0 14 4
29 14 4
0 15 4
29 15 4
0 16 4
29 16 4
0 17 4
29 17 4
0 18 4
29 18 4
0 19 4
29 19 4
0 20 4
29 20 4
0 21 4
29 21 4
0 22 4
29 22 4
0 23 4
29 23 4
0 24 4
29 24 4
0 25 4
29 25 4
0 26 4
29 26 4
0 27 4
29 27 4
0 28 4
29 28 4
0 29 4
1 29 4
2 29 4
3 29 4
4 29 4
5 29 4
6 29 4
7 29 4
8 29 4
9 29 4
10 29 4
11 29 4
12 29 4
13 29 4
14 29 4
15 29 4
16 29 4
17 29 4
18 29 4
19 29 4
20 29 4
21 29 4
22 29 4
23 29 4
24 29 4
25 29 4
26 29 4
27 29 4
28 29 4
29 29 4
5 5 4
6 5 4
7 5 4
8 5 4
9 5 4
10 5 4
11 5 4
12 5 4
13 5 4
14 5 4
15 5 4
16 5 4
17 5 4
18 5 4
19 5 4
20 5 4
21 5 4
22 5 4
23 5 4
24 5 4
5 6 4
24 6 4
5 7 4
24 7 4
5 8 4
24 8 4
5 9 4
24 9 4
5 10 4
24 10 4
5 11 4
24 11 4
5 12 4
24 12 4
5 13 4
24 13 4
5 14 4
24 14 4
5 15 4
24 15 4
5 16 4
24 16 4
5 17 4
24 17 4
5 18 4
24 18 4
5 19 4
24 19 4
5 20 4
24 20 4
5 21 4
24 21 4
5 22 4
24 22 4
5 23 4
24 23 4
5 24 4
6 24 4
7 24 4
8 24 4
9 24 4
10 24 4
11 24 4
12 24 4
13 24 4
14 24 4
15 24 4
16 24 4
17 24 4
18 24 4
19 24 4
20 24 4
21 24 4
22 24 4
23 24 4
24 24 4
10 10 4
11 10 4
12 10 4
13 10 4
14 10 4
15 10 4
16 10 4
17 10 4
18 10 4
19 10 4
10 11 4
19 11 4
10 12 4
19 12 4
10 13 4
19 13 4
10 14 4
19 14 4
10 15 4
19 15 4
10 16 4
19 16 4
10 17 4
19 17 4
10 18 4
19 18 4
10 19 4
11 19 4
12 19 4
13 19 4
14 19 4
15 19 4
16 19 4
17 19 4
18 19 4
19 19 4
14 14 4
14 15 4
15 14 4
15 15 4
28 28 3